
 UCD-

  



  
----Gartner























 

 

 

 


  











 



 















 +



+



=

 

7


9 0 4 8 3 6 8 9 8 0 2 4 5 9 7 2 5 6 7 1 3 0 4 6 2 5 9 4 0 6 0 3 7 6 2 5 6 2 4 4 2 0 1 6 8 8 5 5 7 3 7 8 9 2 0 2 4 5 5 2 4 0 3 8 8 5 2 4 5 0 2 3 8 9 4 3 8 5 5 9 8 7 5 7 6 7 6 6 2 1 2 7 8 3 2 2 8 8 6 2 1 2 5 3 9 1 7 6 1 0 1 5 9 1 3 0 4 8 8 5 5 1 1 9 1 9 6 0 5 5 7 0 9 1 3 6 0 9 2 7 2 4 1 4 7 2 4 4 0 2

9 0 4 8 3 6 8 9 8 0 2 4 5 9 7 2 5 6 7 1 3 0 4 6 2 5 9 4 0 6 0 3 7 6 2 5 6 2 4 4 2 0 1 6 8 8 5 5 7 3 7 8 9 2 0 2 4 5 5 2 4 0 3 8 8 5 2 4 5 0 2 3 8 9 4 3 8 5 5 9 8 7 5 7 6 7 6 6 2 1 2 7 8 3 2 2 8 8 6 2 1 2 5 3 9 1 7 6 1 0 1 5 9 1 3 0 4 8 8 5 5 1 1 9 1 9 6 0 5 5 7 0 9 1 3 6 0 9 2 7 2 4 1 4 7 2 4 4 0 2

9 0 4 8 3 6 8 9 8 0 2 4 5 9 7 2 5 6 7 1 3 0 4 6 2 5 9 4 0 6 0 3 7 6 2 5 6 2 4 4 2 0 1 6 8 8 5 5 7 3 7 8 9 2 0 2 4 5 5 2 4 0 3 8 8 5 2 4 5 0 2 3 8 9 4 3 8 5 5 9 8 7 5 7 6 7 6 6 2 1 2 7 8 3 2 2 8 8 6 2 1 2 5 3 9 1 7 6 1 0 1 5 9 1 3 0 4 8 8 5 5 1 1 9 1 9 6 0 5 5 7 0 9 1 3 6 0 9 2 7 2 4 1 4 7 2 4 4 0 2

9 0 4 8 3 6 8 9 8 0 2 4 5 9 7 2 5 6 71 3 0 4 6 2 5 9 4 0 6 0 3 76 2 5 6 2 4 4 2 0 1 6 8 8 5 5 73 78 9 2 0 2 4 5 5 2
4 0 3 8 8 5 2 4 5 0 2 3 8 9 4
3 8 5 5 9 8 75 76 76 6 2 1 2 78 3 2 2 8 8 6 2 1 2 5 3 9 1 76 1 0 1 5 9 1 3 0 4 8 8 5 5 1 1 9 1 9 6 0 5 5 70 9 1 3 6 0 9 2 72 4 1 4 72 4 4 0 2

9 0 4 8 3 6 8 9 8 0 2 4 5 9 7 2 5 6 7 1 3 0 4 6 2 5 9 4 0 6 0 3 7 6 2 5 6 2 4 4 2 0 1 6 8 8 5 5 7 3 7 8 9 2 0 2 4 5 5 2 4 0 3 8 8 5 2 4 5 0 2 3 8 9 4 3 8 5 5 9 8 7 5 7 6 7 6 6 2 1 2 7 8 3 2 2 8 8 6 2 1 2 5 3 9 1 7 6 1 0 1 5 9 1 3 0 4 8 8 5 5 1 1 9 1 9 6 0 5 5 7 0 9 1 3 6 0 9 2 7 2 4 1 4 7 2 4 4 0 2

9 0 4 8 3 6 8 9 8 0 2 4 5 9 7 2 5 6 7 1 3 0 4 6 2 5 9 4 0 6 0 3 7 6 2 5 6 2 4 4 2 0 1 6 8 8 5 5 7 3 7 8 9 2 0 2 4 5 5 2 4 0 3 8 8 5 2 4 5 0 2 3 8 9 4 3 8 5 5 9 8 7 5 7 6 7 6 6 2 1 2 7 8 3 2 2 8 8 6 2 1 2 5 3 9 1 7 6 1 0 1 5 9 1 3 0 4 8 8 5 5 1 1 9 1 9 6 0 5 5 7 0 9 1 3 6 0 9 2 7 2 4 1 4 7 2 4 4 0 2

7

9 0 4 8 3 6 8 9 8 0 2 4 5 9

2 5 6

7

1 3 0 4 6 2 5 9 4 0 6

0 3

7

6 2 5 6 2 4 4 2 0 1 6 8

8 5 5

7

3

7

8 9 2 0 2 4 5 5 2

4 0 3 8 8 5 2 4 5 0 2 3 8 9 4

3 8 5 5 9 8

7

5

7

6

7

6 6 2 1

7 7

2

8 3 2 2 8 8 6 2 1 2 5 3 9

1

6 1 0 1 5 9 1 3 0 4 8 8 5

5 1 1 9 1 9 6 0 5 5

7

0 9 1 3

6 0 9 2

7

2 4 1 4

7

2 4 4 0 2

9 0 4 8 3 6 8 9 8 0 2 4 5 9 7 2 5 6 7 1 3 0 4 6 2 5 9 4 0 6 0 3 7 6 2 5 6 2 4 4 2 0 1 6 8 8 5 5 7 3 7 8 9 2 0 2 4 5 5 2 4 0 3 8 8 5 2 4 5 0 2 3 8 9 4 3 8 5 5 9 8 7 5 7 6 7 6 6 2 1 2 7 8 3 2 2 8 8 6 2 1 2 5 3 9 1 7 6 1 0 1 5 9 1 3 0 4 8 8 5 5 1 1 9 1 9 6 0 5 5 7 0 9 1 3 6 0 9 2 7 2 4 1 4 7 2 4 4 0 2

7 7 4 8 3 6 8 9 8 0 2 4 5 9 9 7 7 6 0 1 3 0 4 6 2 5 9 4 0 6 7 7 8 6 2 5 6 2 4 4 2 0 1 6 8 7 5 5 1 3 4 8 9 2 0 2 4 5 5 2 7 0 3 8 8 5 2 4 5 0 2 3 8 9 4 7 8 5 5 9 8 4 5 8 6 4 6 6 2 1 7 0 8 3 2 2 8 8 6 2 1 2 5 3 9 7 2 6 1 0 1 5 9 1 3 0 4 8 8 5 7 1 1 9 1 9 6 0 5 5 3 0 9 1 3 7 0 9 2 2 2 4 1 4 1 2 4 4 0 2




Shape

Position

Size

Visual Vsriables

Value


Orientation

Color

Texture











XX









1. 
     








Shape

Position


Color

Orientation


Size

2. 





TOP

453,123




3. ----

1





  





3. 












1
 
2

4. 
     "Z"

1

2

3


5. 
 Review 
  
  



1









1

1. 
    IPIP 







2. 



3. 

 TOP N    IP  
 

4. 

NGTP
















1.  2. 
XX  NGTP
   

  


1.  2.  3. 



Visual.ly

R...

Tableau

D3.js

Vizify











 

Q & A

