   2 0 1 1 .0 8 .2 9

  




 
2 0 1 1 .0 8 .2 9


2 0 1 1 .0 8 .2 9

?

 

 ...... 



2 0 1 1 .0 8 .2 9



RGTUQPC NC[GT    E[DGT RGTUQPC NC[GT  REKRCF OCE OCE OCE



NQIKECNPGVYQTM NC[GT  KR    RJ[UKECNPGVYQTM NC[GV  
IGQITCRJKECN NC[GT  

2 0 1 1 .0 8 .2 9

?




2 0 1 1 .0 8 .2 9

6

· ·

?

why

· ·

Where

who

· ·

2 0 1 1 .0 8 .2 9

7

?
2 0 1 1 .0 8 .2 9

?

2 0 1 1 .0 8 .2 9

9

?

2 0 1 1 .0 8 .2 9

10

?

2 0 1 1 .0 8 .2 9

11

?

2 0 1 1 .0 8 .2 9

12


2 0 1 1 .0 8 .2 9

hack 14
2 0 1 1 .0 8 .2 9


IP:20104URL:  969   28387869544188 IP:398URL:1527851614923
2 0 1 1 .0 8 .2 9

+2 
+2    





74.





UQHVXGT











74.











UQHVXGT 






















2 0 1 1 .0 8 .2 9





 
   
 
 16 

2 0 1 1 .0 8 .2 9

17


---------------nmap---- namp

2 0 1 1 .0 8 .2 9

18


X.220.187.X ----  ... 3100

2 0 1 1 .0 8 .2 9

19



2 0 1 1 .0 8 .2 9

20

B
SSH

· mfu---- · screen"Toata
dragostea mea pentru diavola"

2 0 1 1 .0 8 .2 9

21

B
relaxscanSSH 

2 0 1 1 .0 8 .2 9

22



2 0 1 1 .0 8 .2 9

23


www.gzs.gov.cn 20158600:25 3

2 0 1 1 .0 8 .2 9

24

00:2500:13 IP199.30.18.212  

2 0 1 1 .0 8 .2 9

25


IP:192.168.0.163 2015.06.07.15:23107.151.222.17:1250 msmm.exe 32

2 0 1 1 .0 8 .2 9

26

2 0 1 1 .0 8 .2 9

27


IP1
msmm.exe 107.151.222.17  2015.06.07 15:2332

+2

 



OUOOGZG



KR 

2 0 1 1 .0 8 .2 9

28


IP2:
gy.exe 1996 2015.06.06 11:43 

+2

 




 I[GZG KR


2 0 1 1 .0 8 .2 9

29


  


2 0 1 1 .0 8 .2 9

30



  













2 0 1 1 .0 8 .2 9



%2(

UJGNN

%RCPGN

(62









201517201556 

2 0 1 1 .0 8 .2 9

32

ftpBrute

HVR$TWVG





2 

5





2 0 1 1 .0 8 .2 9

ftpBrute
2 0 1 1 .0 8 .2 9

ftpBrute

 

ftpBrute

 

 





2 0 1 1 .0 8 .2 9

35

--
2 0 1 1 .0 8 .2 9

--
1391CMS
2 0 1 1 .0 8 .2 9

--WEB
2 0 1 1 .0 8 .2 9



   

 

 

 





  hack     
   

   

 

2 0 1 1 .0 8 .2 9

39


2 0 1 1 .0 8 .2 9

