
(GB/T 22239)
 


     


 201785 10WG5  127 2017 
3


 20187 
 GB/T 25070 
  GB/T 25070 
4

1
           
5

2
     
 .
6

3
 6   6.1   6.2   6.3   6.4   6.5 
7

4.
 
 
 
 
 
8

4.
 
  
 
  
9

5.
  """ """""" "
10

6.
  " """""" """
11

7.
  "" """"" """
12

8.
  " """" """""
13

9.
 C  D EF GH 
14


     


 1   2   3   4   5   5.1   5.2   5.3 
16


 6   6.1   6.2   6.3   6.4   6.5 
17


   
  
 +
18

2008









   

   

   

   

  

   



         
- 19 -





         





      

      

     

     

 
- 20 -










 



 



 



 



 



 

           
- 21 -





 



 

...... ......

...... ......

 



......

......



22

-



1

2

3

4

5

6



7

8

9

10

          



1



2



3



4



5



6





7



8



9



10



-



1

2

3

4

5

6



7

8

9

10

          



1



2



3



4



5



6  

7



8



9



10




 
 
 
  
25


 
 
 
 
26

  
     
27

-



1

2

3

4

5



6

7

       



1



2



3



4



5  

6



7



8



-

 1 2 3 4 5  6 7 8

        



1



2



3





-





1



2



3



4



5  

6



7



8





1



2



3  

4



5



6



-





1



2



3



4



5  

6



7



8





1



2



3





4



-1
           (
32

-2
     

33

-3

a) 





b) 

c) 






 

d) 







e)     

 

f )  



g)  
34

-1
       
35

-2
   
36

-3

 





 





 

 
37

-1
   -  -      
38

-2
 a)   b)   c)   d)   e) 
  f) 
39

-1
       /    
40

-2
 a)  
 b)   c) /  d) /  e)   e) 
41

-1
     IP

42

-2
 a)   b)   c) 
  d) IP

43

-1
             
44

-2
 a)   b)   c)   d) 
  e)   f)   g) 
45

++
 
       
      

46

-

 1 2 3 4 5  6 7 8 9

         



1



2



3



4



5  

6



-

 1 2 3 4 5 6 7 8 9 10



          

11



12  

13





1



2



3



4



5



6



7



8  

9



10



-

 1 2 3 4 5 6

1 2 3 4 5
6 7 8 9 10

 

      
         



1



2



3



4



5



6



7

8



9





10



11



12



-1
       
50

-2
 a)  
 b)  
 c)   d) 

51

-1
             
52

-2
 a)   b)   c)   d)   e)   f)   g) 
53

-1
           
54

-2
 a)   b)   c)   d) 
  e)   f) 
55


  
  
  
 
56


 
       
  
57

"" 
   
58

-

 1

 

2





3





1



2





3



4



-

 1
2
3 
4

    

5





1



2



3





4



5



-

 1 2
3  4

    

5





1



2



3  

4



-



1

2

3

4

5

6



7

8

9

10

11

           



1



2



3



4



5



6  

7



8



9



10



-

 1 2 3 4

5

6

7



8

9

10

11

12

13

              



1



2



3



4



5



6



7  

8



9



10



11



12



13



14



2017
 GB/T 25070   GB/T 25070
  "" 
64

1.-
 
 
 
 
65



         







      

      

     

     

 
- 66 -











 



 



 



 



 



 

           
- 67 -

2
""" """ ""
68

-  
 
69

-
    
70

-
    
71

-
     
72

3""
 """ """"" """ """"" """"
73

-
 a)  
 b)   
74


     


 2X.2,  """"" """""

  X.2





32

52

11

29

76

 82 46

 84 49

  


-
     
  


-
  
  
  
 

-
         
  

-
     
  
  
  

-

 1 2 3 4 5 6 7 8 9 10 11 12 13 14 15
16

 
             


 1 2 1 0 0 0 0 2 0 0 1 0 0 3 1
0

 1 4 2 3 2 0 0 2 0 2 3 2 2 4 2
1

 1 6 2 5 2 4 1 2 3 3 4 4 2 5 3
1

 1 9 2 5 2 4 1 2 3 3 4 4 2 5 3
1

-

5 4 3 2 1






























































83

-



 3X.3,  """""" """"













30

69

104

114

X.3

5

14

85

19

21



 
 
 
 

  WiFi 

  WiFi 

  
 


   
  
    

-

 1 2 3 4 5 6 7 8 9

 
       

 1 1 1 0 0 1 1 0 0

 1 1 1 5 0 2 2 2 0

 1 1 1+ 6 2 3 2+ 2 1

 1 1 1 6 3 4 2 2 1



 4X.4,  """"" """""













19

32

62

70

X.4

4

7

90

20

21



 



 

/

 

 

RFID

RFID

  

RFID














   


  
  
     

-

 1 2 3 4 5 6 7 8

 
      

 2 0 1 0 0 0 0 1

 2 2 1 0 0 0 0 2

 4 2 1 3 5 2 1 3

 4 2 1 3 5 2 2 3


 IEC 62264-1 1:  5 
95

  5
 
96


 5X.5 """" """"""

 ( X.5)

 
9
97

 
15

 
21

 
23

-

 1 2 3 4 5 6 7 8 9 10

          

 2 2 0 1 0 2 2 0 0 0

 2 3 1 2 1 2 2 1 1 1

 2 3 1 2 2 4 5 1 1 1

 2 3 1 2 3 4 5 1 1 1

++
  
  E-MailWebTelnetRloginFTP
  
  

-
   
  
 USB 

-
  
  
   
 


 + 
  

  GB/T22239-XXXX
   GB/T22239-2008  
103

 

