+ 
 20159


  
2


1 20
 
2090  


1 2080
 19814
 1993
 2003



1 
 2014195
13040


2 
 
 

GB/T 27000  ISO/IEC 17000GB/T 27011  ISO/IEC 17011


3







 















 





 


5  ISO9001
;  ISO20000
  ISO27001



5

    


    



  
10


1  
 IT NISTNSA 1997NISTNSANIAP NIAP
11


1  
12


1  
BSI IT CCTR PPTR) 
TR IT
13


1  CC2014
14


2  ISO Survey2014
ISO2700123972  2011ISMS  2014 7%
15



2

 ISMS

 20062013

 8000

7000
 6000

 5000 4000



3000

2000

1000

0 2006 2007 2008 2009 2010 2011 2012 2013

         
16


3 
 

17


4 
ISO/IEC17024 
49 2363  
18


4 IT
CiscoISC2
19


4 20119
 ""2012 NICE   
20



4
2013



 





731

31









21


4
2009    
2011  
22


  
23


1  2003
27" "  20048  57  20066 
24


1  "" 
""  
  
  20137  2014
25


2----  20081
20087 200951  2009427  200933 201051 
26



2----

 813





1

1

2

3

2

4

3

5COS

4

6

5

7 8

6

9

10IDS

7

11

12

8

13

27


2----  2010812
   [2010]394    
28


2----  2007822
  
  

29


3---- 1        
30



2----

 +

 



9







III +

 II

+

 

I 

+ ++

31





       



     


1.

2.

     




     

5.

3.

4.

32



3


     IT    08/09/16  XBRL

           


     

12 34


     



33


4 
 1"
" 2IT
IT 3
 4
34

 
35

